1716137075842 65.17567736037235 1
1716137194808 68.16422482754322 2
1716137314218 70.59059954704122 3
1716137432182 71.88857058261303 4
1716137555732 70.97982853016954 5
1716137680783 76.34004633477393 6
1716137804794 77.89261188912899 7
1716137925638 72.9317198408411 8
1716138052571 73.2686793550532 9
1716138177914 72.97804812167553 10
1716138308338 71.25903190450465 11
1716138447888 75.96383602061171 12
1716138583336 75.37708688289561 13
1716138712946 78.31265063996011 14
1716138848834 76.93130817819149 15
1716139937617 74.90046075049867 16
1716140313967 71.73202189993351 17
1716140430434 73.20712475066489 18
1716140545044 71.63498249459774 19
1716140663576 71.02573475939163 20
1716140793699 74.30945863115026 21
1716140923164 73.21699426529256 22
1716141046529 74.468994140625 23
1716141181945 73.83091703374335 24
1716141313920 72.35428830410572 25
1716141444270 72.7945530668218 26
1716141573391 69.6522814162234 27
1716141703955 74.62395201338099 28
1716141836505 77.97104855801197 29
1716141968720 76.45841557928857 30
1716142124045 74.55704060006649 31
1716143248171 72.8841578706782 32
1716144283844 81.13127363489029 33
