1716137075834 0.6210672656695048 1
1716137194803 0.5811606223384539 2
1716137314209 0.5620521952708563 3
1716137432173 0.5595229516426722 4
1716137555727 0.5707011520862579 5
1716137680777 0.5096918816367785 6
1716137804789 0.5095446233948072 7
1716137925633 0.5457513853907585 8
1716138052561 0.5421376948555311 9
1716138177908 0.5448382273316383 10
1716138308331 0.5593460028370222 11
1716138447880 0.5113292708992958 12
1716138583326 0.513372873266538 13
1716138712940 0.4672280475497246 14
1716138848826 0.4873361562689145 15
1716139937611 0.5146699820955595 16
1716140313961 0.5398514519135157 17
1716140430429 0.5137563149134318 18
1716140545037 0.5433438047766685 19
1716140663566 0.5636381929119428 20
1716140793694 0.5516290043791136 21
1716140923155 0.5248189121484756 22
1716141046524 0.5199161991477013 23
1716141181938 0.5149451096852621 24
1716141313914 0.5446370914578438 25
1716141444264 0.5399758517742157 26
1716141573386 0.5457830155889193 27
1716141703949 0.4916844218969345 28
1716141836499 0.4973515396316846 29
1716141968714 0.4958852579196294 30
1716142124038 0.5113963459928831 31
1716143248159 0.5134439518054327 32
1716144283838 0.46137911329666775 33
